17926676
24644642
24238708
7883832
10606752
35143067
14625462
18076781
885113
8957461
2608019
25514297
9922440
1913703
19402951
26185724
13339550
23992383
10326381
16373028
1413636
24675517
30101919
12670
7339566
6603905
6639955
202400
2375110
31820308
25725191
420381
22946663
29685728
21245842
13274247
18666203
30375181
10848261
29400926
29400926
33921371
25178556
11276767
7327910
10325448
22124330
2951353
1686782
27293586
20119778
9619271
2473916
1386155
1933208
15258895
2325817
10100691
2459677
5158642
7376084
10801538
196966
16121698
9807811
17431683
8884554
5804573
25275534
12825082
12528137
18438406
18438406
12294590
13541850
32134997
36126518
36126518
21079609
18186988
13421820
12968271
18413711
12997284
550558
3341814
25223918
3512865
18935906
9094158
29623967
13620925
6651455
8139382
17264885
23702986
3679172
169638
8464732
26081389
534775
3340696
10762891
7521179
17721890
31377064
25437584
17234136
32063707
8609676
1158379
19120369
639093
7543008
25727064
21053374
16395539
25957566
20647173
22220874
17759818
8726063
906072
24061122
3886984
27853831
124771
6985762
9759970
978762
11288611
18020823
30485026
22074538
219380
2273614
2273614
412513
30746838
17671147
15679176
22934303
21649042
4138552
18029414
5948688
31321600
15748592
25477588
24399494
19050712
23397593
20826967
23225295
21373493
11553455
10035783
16303497
26608547
22196371
22196371
25418545
33624830
3005085
3005085
3462103
6948922
18941522
15816956
10673193
10673193
6971828
951558
23068126
9868459
13268702
8674096
34409020
860291
18422258
11267645
248764
26479108
21384964
2347038
17610726
17610726
18438738
4030475
12259507
16073652
1502062
19618689
2979159
6280809
6135987
31680666
35270126
25303634
450578
17775252
145117
6909130
13243114
17974705
30071024
22205167
21989041
27212844
22584494
16405934
10199873
2146217
13002580
6482676
28004588
25753292
20033985
9966341
9966341
1912147
2417205
22206267
24751461
15756358
17930436
16217514
20945831
10082708
888673
16427340
679382
28252768
28252768
19454694
7064941
29897972
9288917
34857378
25758720
260811
33871248
19385271
3909410
7993113
1938105
2989652
1491051
23991578
30235448
942240
6136939
17214203
27879119
25858083
15871395
199611
6305158
14830188
13459169
14912830
23277375
185880
3032029
1616691
2728227
25851588
36539952
7755880
3414652
7757584
26100425
20504511
26807320
16409201
200384
21679353
23502255
10499729
10832581
10832581
11170561
20681044
20681044
26831144
20943700
30114248
9339228
9339228
32197706
23659164
2182128
2182128
24592025
327281
16282131
2300119
2300119
12533281
329248
30169284
16636958
8326136
16639216
22335010
12534310
32195245
22937118
1134313
22473066
34835134
20514228
6637063
8319572
18416588
18416588
17751831
7100829
24282419
35318874
8653150
1321608
3057334
25658874
28428229
20760660
17308545
25078947
13321350
32074844
28685516
12363502
16551431
9627547
7017327
19967563
2537004
6217422
34024819
15884860
25949325
19383767
13578348
25532082
34601126
1923230
1936689
18728488
11398018
26064591
18717576
2298469
1174950
10354878
2879654
1221236
28507431
11215576
8343766
18301953
18301953
6541028
35552610
5204310
29413351
31247916
13628273
28500944
15926980
15834244
8589312
19261413
6486884
18032350
6728960
1146093
11555895
33369400
33369400
6958320
18179458
27582555
27582555
3518230
8140447
25289288
21894418
21894418
14999726
34102528
30626759
4936629
22917234
11723624
255708
29066490
849948
15214790
15324308
18425973
7941998
19408900
26699072
20052579
7706746
7233109
14357352
8704716
6741292
6520243
6663446
25762391
26203310
34468854
13021336
6030742
6030742
1288875
22740402
2818768
2818768
10303082
5952712
28515554
24992244
21073690
21280267
10634587
19387132
19387132
23240468
12663252
24374615
6345196
18034359
13528796
18098851
1075301
24550615
18736162
2324963
26312939
26312939
10511632
8539225
12318198
7250527
24229882
10107215
13410632
12828896
27774613
18870618
19996003
22724043
22724043
18886923
20716140
11084864
11535087
13789927
13789927
17775508
16062879
124431
16343066
8156572
1527318
18619419
14070741
15900473
9970627
529596
9593888
22008596
3126913
18626472
2738972
909358
8173128
6533586
30300203
90916
15777730
11749543
642956
7314637
35287972
17310630
18411329
986370
35709017
1300179
11636172
7146450
8557540
8557540
34520955
34520955
7662996
4812319
18193857
20751147
639092
5806171
3333484
1734893
3203154
18105598
8363872
156558
15537266
3357082
20836119
11149598
9744864
7519391
26220418
7237667
13560993
18469155
28948352
5948955
29665061
19115018
36326550
10048941
28454922
8492803
10615977
18812608
12739360
17918323
29638605
6635205
2407410
1405514
2579456
9894390
9894390
13176416
15303713
16305009
16115622
20431086
23268364
31022439
11564054
18717597
33639783
18188801
22999288
9761007
30235762
24978072
31320985
6897876
53006
35280537
16211944
8044639
26313033
20454129
20793407
25069979
31120500
26809728
26809728
7319445
34873984
25463943
6753247
21896484
29938412
24507606
1150897
24075645
6838378
23996980
8540313
7552939
23551477
15845007
10450542
35685271
7952122
10859354
18740447
33549467
2877473
2877473
31677551
10348692
23793113
10203747
19277892
7035241
21805704
11403781
11403781
9042527
13398118
8489496
1326918
21961312
31298037
8186683
13562861
20615459
27409186
30988272
17793840
20634465
11243580
6497195
36214590
29767737
21105563
22806467
85907
4121183
10157005
2441374
20164099
5728115
35876303
1005198
1212539
297549
27064183
6202191
6202191
1769454
16650573
16369858
8180134
23208089
1458284
13555208
19094444
18422479
821529
23747350
18020147
2403774
4784478
4784478
28109233
35733520
11578739
35861641
35340792
12464627
597769
10762501
26718741
10492068
16243326
4052982
19871849
607359
607359
35082699
13392909
3757627
29930735
911889
2429851
11780758
13500314
22204334
9535680
9938702
25124925
22284098
17458373
36046282
18584117
31750410
13732530
16070258
1812520
18126540
1606803
19546129
16284319
9068336
8372989
6957134
6957134
1139830
13164841
30407861
29494654
1754379
23533175
21822883
17745240
25687118
10049610
1678635
12624366
15480962
12447343
18908682
1127254
26507462
1691895
17341248
13129977
16172139
15058629
695509
24331483
13537335
1409662
3098462
19186
7502517
12980970
12411305
31377303
1937292
7998
90448
28422543
35455530
10382600
1996106
7364793
15739064
19184542
9807453
16602996
17763244
23342727
35090454
31295967
14688508
18718799
34600270
9587203
32485247
26365976
29076883
2249468
12076
24766957
8065424
11390165
13519105
903766
22200084
28533336
14292605
13007877
12914726
27884668
1480638
12157863
315828
17061668
20765602
2282032
7187880
2830779
14488351
6182983
2303660
6338521
23337150
3261447
7236916
34217272
4721942
1225460
36106731
33561676
29578468
9255173
17568054
997928
27235424
6754322
20164789
12891013
12487504
1771094
9894012
15894362
21104063
9340410
24324621
35133911
35133911
18611000
18367284
20561241
19295569
13335433
36405221
7315260
404
895263
895263
8335118
24095364
30336549
5459834
20039212
7671530
31197081
31197081
22474178
4241738
16147447
7175216
17684082
8187969
18480160
8867250
2629603
1770506
33942468
7304321
30266936
688773
19063278
9366915
559492
8033675
3944333
3944333
35500693
1221483
18505797
12248852
18082659
31310291
3011455
30976468
16012898
28935729
31856142
29283983
12912913
18338202
19520472
6516598
15475082
21590
22251487
8050293
7227544
71859
6390823
18624506
165190
2397688
25702822
7746642
453054
8178927
8178927
24419618
26165998
6610036
8668158
3142429
12366366
33852391
30341213
17428525
17748594
12060394
2079481
12815997
6531459
1818287
35168097
15255384
15255384
30657241
3005752
35177186
17774526
17774526
13536486
18895706
15756120
15756120
2199303
23545126
18595926
18595926
1677337
29221185
19442497
34555559
25195607
17429609
359882
20697412
3310700
16402363
25066803
32574163
8528179
33245739
388313
22585801
22468702
9421416
25568914
26209492
16342081
421617
34669959
16398597
15798714
16529730
3035865
3035865
7041202
35817285
205622
16146209
1600608
127322
2786965
32661413
26366387
9661024
586294
586294
17429174
36198470
3551837
962334
26084118
10011098
34432557
29779725
12408204
35552328
18279002
11114274
2904036
32510723
17122072
18928152
8480336
6912488
3228256
28636561
2354799
739150
1853124
9432788
13384327
6083464
6085778
19832314
33547809
2655028
6426220
5974240
2437074
1961495
9246067
7613010
7613010
10220388
18849964
16151954
11412370
10176406
8136743
269798
31677107
16559519
25759384
12962397
19177095
527436
23207758
15210698
9936269
18754820
2264429
17301909
8721364
15785494
26197558
17049732
24948225
18273466
29063570
29063570
20961579
27275768
35369221
12167758
11334801
10332142
195972
21425487
6131917
1012328
1012328
19133637
6745929
35661212
20647777
2619561
22699362
18378235
2296381
36218002
13794239
21455058
9051370
15439573
9282386
19319622
23287186
50553
35121879
3321789
527899
400081
34368439
19191612
2119530
12282094
13497819
13497819
28177473
18888423
25233395
24352512
12240588
25320466
9621525
36296708
10358744
36235933
1887096
8861785
9508999
7328072
18936850
18453392
30372710
3717921
6647700
9358987
7898328
7857563
8749361
25396755
20656927
13048751
35864553
20797456
27343
27343
22115807
25108799
7041104
15699313
1971732
16408523
2987911
6797105
6793666
15452938
19825173
26201344
13428478
17832549
21799386
2800376
849769
6747024
6234220
8728608
7056678
15262190
15262190
24629287
6798711
22847124
30733801
8420712
8190521
2511887
17141378
10426951
35900126
12474131
8526330
120646
10451437
3250347
21489257
2459767
35559757
285036
12276987
12264947
176660
29042130
5300268
31806707
15459775
5162070
10406238
10406238
36289647
28280885
27850946
9519124
1984755
22299277
5686669
15282115
15282115
30251511
12995692
15808022
3101468
13105535
29651474
6596953
11731504
29855491
21041736
44708
30294962
11494870
30938697
20411949
33898095
27878999
606755
29930803
35992993
53913
15307420
3656812
33896656
31072303
20243104
16397499
9674219
20754057
29845389
19937339
8463662
25681018
25681018
17947716
26792702
69193
1865570
24586706
13602565
27696633
26150725
10870356
33859018
27218563
23166590
14474474
27401559
24183525
23908278
36410529
646566
28212208
5582552
5582552
13244493
17772955
3179721
13240140
17800049
12075601
10479161
17376359
25339267
19838744
22203341
7990268
20093565
27226786
29403916
18483970
18483970
23661004
20946848
23273498
864134
27256198
11406083
23837821
17198912
584599
15786361
8148529
27387628
21954527
1391328
11460153
11460153
9654477
15706418
12412588
11465950
17881934
17881934
13424031
699966
11379829
12349122
20454669
601731
979544
23609741
22330301
11609863
20697805
27509544
24060705
110690
2460844
9435564
9762938
5598347
8572501
1377263
1248447
6634919
12945450
33864473
13620466
16693704
15824480
36517699
36517699
9930192
18019918
8642712
19534199
7669374
7265140
8935686
35351511
10720260
3837560
10865292
7494662
7494662
12127403
12127403
11487362
1357259
9587055
10173191
57856
57856
10703098
9466840
9841535
6414617
2227584
2227584
4420977
18782417
6976540
6976540
20518482
18754081
35756079
18897124
17612168
16415245
25086992
18273381
15786727
33868099
18629869
19368073
18873554
10315260
35446473
22350867
19840477
19557393
18115948
18115948
9722466
3897831
3897831
8337675
8337675
18440722
692978
9403858
9715906
20619925
8539967
1520850
1134678
7436099
23364257
24108782
33253096
22904566
1185265
1307915
21885221
18158881
33235216
17415065
11199958
16252551
32872310
15871347
2281966
17139610
31379435
33898847
10299937
25984456
121100
262875
7182659
25524516
23669244
23463550
368819
13240696
22180006
28260906
527892
527892
18216896
34674946
18596411
15822257
18467124
9822489
16130910
35133780
3922137
10081784
18198563
28052657
6642665
29468011
20672910
8078210
33800860
7013485
2329835
16415308
16415308
19219859
11201953
6505778
3377446
33948832
22462023
34682745
12516443
16122972
30841046
15707957
19033671
8043512
18220890
8698317
8698317
9551183
881196
5146949
7077619
8137274
13490425
1821599
5132039
1357927
13002967
24873883
6566825
6566825
11483318
25193861
26023279
217516
13698089
10816232
10816232
9720375
27699646
25124566
1443531
19976323
33505734
16424116
9996568
1375699
34738331
10301276
20431603
211127
26723011
34701676
34701676
11899702
244474
101000
23579028
26874393
3298912
15908763
25643158
32039230
9467591
9755089
16405847
1470194
19168348
8882534
24622894
13565254
9379160
10175652
10175652
29213190
17447547
33596919
33596919
8884936
15835508
15835508
8122497
6512975
23845960
16243381
16702699
10726765
28909304
25959957
25696868
2776610
34397218
23451603
31328818
2077761
27730570
27835469
30909151
22077997
36467834
29377378
32571759
32571759
35879368
35766948
823272
31437543
8827800
9726228
26396054
34396703
19427641
3412438
25317323
25373940
13163922
20194891
1261399
29933232
9145108
11345572
21190596
5911468
203847
6408073
6408073
10479285
24328654
29869378
35163967
26218611
18283207
20447799
25805974
19080369
19080369
13600122
12209684
15870443
11188548
15821620
20402669
28950331
19959267
804232
804232
5422179
24392229
24392229
23206106
23206106
23206106
